  2.0000000e+000  1.6544745e+000  4.2144014e+000  3.3273802e+000  2.6657776e+000  2.9994457e+000  3.2813050e+000  2.2107636e+000  3.1524178e+000  2.3988377e+000  5.1678372e+000
  1.0000000e+000  3.5249873e+000  2.3568581e+000  1.4049742e+000  2.3841671e+000  3.5796167e+000  3.0235208e+000  3.3393518e+000  1.9981654e+000  3.1373401e+000  1.8082805e+000
  2.0000000e+000  1.6361029e+000  3.3641591e+000  2.7377186e+000  1.1244518e+000  4.0098669e+000  2.3922697e+000  2.9228595e+000  5.0924844e+000  3.2253455e+000  7.9054558e-001
  2.0000000e+000  4.0910535e+000  3.5644227e+000  3.4305386e+000  4.1937261e+000  4.8223222e+000  1.8571789e+000  3.9820605e+000  3.9331778e+000  3.8629269e+000  1.9276647e+000
  2.0000000e+000  4.2542931e+000  2.2041682e+000  4.5427932e+000  3.7822050e+000  3.5726819e+000  9.4648454e-001  1.9593307e+000  2.5857274e+000  3.0039720e+000  2.5184399e+000
  2.0000000e+000  1.0889325e+000  4.6094191e-001  2.2546072e+000  4.2055383e+000  2.9825881e+000  2.6773413e+000  2.6200525e+000  1.4741253e+000  2.7670824e+000  2.7821460e+000
  2.0000000e+000  4.6589608e+000  1.8668504e+000  2.5166942e+000  4.2564792e+000  1.2385130e+000  2.2139816e+000  3.4431263e+000  1.8406674e+000  3.3411737e+000  3.6879076e+000
  2.0000000e+000  4.2228299e+000  3.3672366e+000  4.6807629e+000  1.7131237e+000  2.9856737e+000  3.7249181e+000  3.9534508e+000  2.0505361e+000  4.0687212e+000  2.6668674e+000
  2.0000000e+000  2.9610169e+000  2.4254678e+000  3.0823566e+000  3.3714005e+000  2.1352713e+000  3.9654970e+000  1.8412229e+000  2.9857386e+000  1.6393319e+000  4.3650296e+000
  2.0000000e+000  3.0579054e+000  3.0809697e+000  2.7027707e+000  5.3695216e+000  1.6028624e+000  3.3913673e+000  5.2041874e+000  2.8366378e+000  2.8963947e+000  1.8405956e+000
  2.0000000e+000  3.8357974e+000  2.6544841e+000  5.0791544e+000  2.7586781e+000  1.6980100e+000  1.8385657e+000  3.2184953e+000  3.1509658e+000  2.7310894e+000  2.4807131e+000
  2.0000000e+000  1.7326936e+000  3.5569245e+000  2.8730737e+000  4.2821150e+000  1.8195749e+000  4.0719178e+000  3.1680710e+000  3.4381574e+000  2.1730902e+000  5.1274077e+000
  2.0000000e+000  2.0287657e+000  2.1957992e+000  1.9901915e+000  3.1155412e+000  1.5217489e+000  5.0901388e+000  4.3856110e+000  2.5617022e+000  3.4072643e+000  2.0623667e+000
  2.0000000e+000  3.9849710e+000  1.3765415e+000  2.7927744e+000  2.8240694e+000  4.6246464e+000  3.2404117e+000  2.4701533e+000  4.5002362e+000  2.7675789e+000  5.0687985e+000
  1.0000000e+000  2.0334203e+000  1.4078003e+000  4.1568044e+000  2.6995433e+000  3.0513401e+000  2.5835646e+000  2.7019899e+000  2.0384670e+000  3.9377639e+000  1.4093928e+000
  2.0000000e+000  2.4885998e+000  1.8523672e+000  3.4364143e+000  1.0096601e+000  2.6698899e+000  3.3659377e+000  5.6422283e+000  2.6114295e+000  3.3472677e+000  2.8001795e+000
  2.0000000e+000  1.4970344e+000  3.3399050e+000  3.3256187e+000  2.0168677e+000  2.6306045e+000  4.2373067e+000  1.7031137e+000  1.1709057e+000  2.9527785e+000  3.6651015e+000
  2.0000000e+000  2.0385848e+000  3.6950124e+000  4.4683738e+000  3.2562219e+000  3.2177578e+000  1.0672811e+000  4.2020013e+000  3.2180981e+000  3.0825049e+000  2.9974077e+000
  2.0000000e+000  3.2563392e+000  1.7405084e+000  3.3789487e+000  2.4192599e+000  2.3045939e+000  3.6626575e+000  2.9335744e+000  4.3990301e+000  3.8673437e+000  3.2627358e+000
  2.0000000e+000  2.5039833e+000  2.9665985e+000  3.6711549e+000  1.4187041e+000  2.5202102e+000  3.3368117e+000  1.3467205e+000  1.1313012e+000  2.5535357e+000  3.6201790e+000
  1.0000000e+000  4.0372042e+000  3.1615344e+000  2.8984137e+000  2.8478470e+000  3.2605822e+000  2.4557146e+000  2.5391914e+000  2.3168021e+000  1.9727381e-001  9.1233153e-001
  2.0000000e+000  2.1062100e+000  3.9910933e+000  4.5193026e+000  3.0193882e+000  1.5995428e+000  3.0674393e+000  2.8683076e+000  2.6730707e+000  2.6780061e+000  2.7762319e+000
  2.0000000e+000  1.9504671e+000  4.1999817e+000  2.1827765e+000  3.8360223e+000  2.2348863e+000  3.3112976e+000  5.6012564e+000  3.4737087e+000  4.1811174e+000  1.9450771e+000
  1.0000000e+000  4.5044525e+000  2.5941301e+000  4.2015012e+000  3.5543655e+000  3.4656938e+000  3.0964279e+000  2.8213178e+000  2.5084303e+000  1.4028758e+000  1.8096634e+000
  1.0000000e+000  3.6020050e+000  1.6185453e+000  4.5499439e-001  4.4261490e+000  3.6856047e+000  2.6625630e+000  3.2760749e+000  3.4599678e+000  2.1681135e+000  2.8101811e+000
  1.0000000e+000  3.9920166e+000  1.4441610e+000  2.9600925e+000  1.7218864e+000  3.4718642e+000  2.3113704e+000  1.8738585e+000  1.0281516e+000  4.6088407e+000  3.6855496e+000
  2.0000000e+000  2.1396680e+000  4.9410585e+000  2.4698886e+000  6.2048147e-001  1.9980302e+000  3.2363824e+000  4.3407415e+000  3.9108909e+000  2.0728628e+000  1.7793122e+000
  2.0000000e+000  2.3318272e+000  3.8395699e+000  4.2402357e+000  4.2215243e+000  3.8866876e+000  5.3040717e+000  3.5157852e+000  3.4797074e+000  1.1818473e+000  3.0532345e+000
  2.0000000e+000  3.5232645e+000  3.1677328e+000  3.4615197e+000  4.0013916e+000  1.6241609e+000  4.1762576e+000  2.8504110e+000  2.9162430e+000  2.3242067e+000  3.8196918e+000
  2.0000000e+000  5.2735099e+000  5.2168819e+000  3.0401738e+000  3.0186412e+000  2.3941949e+000  4.9336048e+000  3.9652284e+000  4.4358093e+000  2.1111744e+000  1.8169033e+000
  2.0000000e+000  5.4791847e-001  2.1710530e+000  2.6390622e+000  2.8750239e+000  2.3011613e+000  3.2139610e+000  3.2805656e+000  4.2351249e+000  3.5259324e+000  3.3523653e+000
  2.0000000e+000  3.0740074e+000  3.1840395e+000  2.7510544e+000  2.8196207e+000  2.2272274e+000  2.1630105e+000  4.3448786e+000  1.3045370e+000  5.2878462e+000  2.5184485e+000
  2.0000000e+000  3.3911465e+000  1.0775513e+000  2.5288181e+000  1.6655671e+000  2.4484769e+000  3.4587359e+000  3.0258967e+000  4.3136057e+000  4.2980660e+000  2.8608615e+000
  2.0000000e+000  1.5224443e+000  1.9625348e+000  2.8852935e+000  3.6734991e+000  2.9578596e+000  1.7389719e+000  3.2267039e+000  4.4031921e+000  3.7927616e+000  2.4982516e+000
  2.0000000e+000  2.8113013e+000  4.3565731e+000  4.7000894e+000  3.4737065e+000  4.8356139e+000  4.6640169e+000  2.7984007e+000  2.3425585e+000  3.4919443e+000  3.9897386e+000
  2.0000000e+000  2.8273286e+000  1.0965093e+000  3.8595198e+000  2.4393938e+000  2.4051159e+000  4.3106095e+000  3.0635126e+000  3.1896442e+000  2.6900117e+000  3.6723478e+000
  2.0000000e+000  1.7466194e+000  4.0880334e+000  2.7588926e+000  1.4642779e+000  1.4119062e+000  3.1875729e+000  4.1675962e+000  4.0880375e+000  3.4104749e+000  3.5427635e+000
  2.0000000e+000  3.6770541e+000  2.0527228e+000  2.4886018e+000  3.3904975e+000  4.5836218e+000  3.3250211e+000  5.6731222e+000  2.0930828e+000  2.6650913e+000  3.0440699e+000
  2.0000000e+000  3.3945744e+000  3.4641994e+000  3.2961599e+000  2.4138835e+000  3.1000327e+000  2.2352162e+000  5.8309433e+000  3.7108275e+000  2.7730993e+000  3.5820738e+000
  2.0000000e+000  2.7462125e+000  1.5568485e+000  3.3101430e+000  1.8865100e+000  4.0571151e+000  1.0543147e+000  2.0219374e+000  3.5304583e+000  2.5220862e+000  3.2018693e+000
  2.0000000e+000  2.0133474e+000  3.2773063e+000  2.1231962e+000  4.6965950e+000  4.9412289e+000  1.4956625e+000  3.0030962e+000  3.9750074e+000  3.2358039e+000  3.4056846e+000
  1.0000000e+000  2.5511639e+000  4.0273027e+000  4.5751356e+000  2.4703091e+000  3.2074250e+000  2.1154536e+000  3.1750862e+000  3.8557764e+000  2.8594054e+000  2.6302133e+000
  2.0000000e+000  3.1805185e+000  1.9083891e+000  3.5392974e+000  3.6871840e+000  2.4239912e+000  1.8114262e+000  4.3939529e+000  4.9559119e+000  2.3910365e+000  4.1902631e+000
  2.0000000e+000  2.1301578e+000  2.3361667e+000  2.5483611e+000  2.1185993e+000  4.3819578e+000  3.7687260e+000  3.2670776e+000  3.9150721e+000  2.3547323e+000  3.9243047e+000
  2.0000000e+000  3.2783078e+000  3.6888918e+000  2.0638668e+000  2.8804821e+000  1.1229290e+000  3.8894663e+000  4.2613117e+000  3.4157175e+000  3.0743098e+000  4.5126845e+000
  2.0000000e+000  2.9613401e+000  2.8267298e+000  1.8963990e+000  2.2075125e+000  2.9504865e+000  3.9549190e+000  2.7765129e+000  2.5215553e+000  3.5756616e+000  2.3135286e+000
  2.0000000e+000  1.1215918e+000  3.6583591e+000  2.9954207e+000  2.9215568e+000  4.1849737e+000  3.8635548e+000  2.2819392e+000  3.6826149e+000  2.2033313e+000  3.3842426e+000
  2.0000000e+000  4.0459116e+000  4.3698429e+000  2.6671990e+000  9.1858396e-001  3.2541644e+000  4.7041385e+000  3.7122665e+000  2.8414255e+000  1.6195848e+000  3.5868881e+000
  1.0000000e+000  3.0212599e+000  2.2666226e+000  3.0227294e+000  2.1506150e+000  3.0083985e+000  2.2925361e+000  2.7103344e+000  2.1239746e+000  3.2638430e+000  3.4424225e+000
  1.0000000e+000  2.0398189e+000  4.0381043e+000  3.8104665e+000  3.2798954e+000  3.1056998e+000  2.7609501e+000  3.5977262e+000  2.9336954e+000  3.7592413e+000  1.8676142e+000
  2.0000000e+000  3.1892370e+000  2.9599932e+000  3.5433879e+000  2.7552790e+000  3.7940505e+000  3.8527944e+000  2.2993209e+000  1.4561393e+000  2.9757228e+000  2.6069403e+000
  2.0000000e+000  3.8302667e+000  4.9302151e+000  4.8222810e+000  2.2389471e+000  2.4263194e+000  3.8107066e+000  3.5830563e+000  1.8505973e+000  4.1433020e+000  3.4772255e+000
  2.0000000e+000  2.6848451e+000  3.4993042e+000  1.1237767e+000  2.9278706e+000  3.0581186e+000  7.7798783e-001  1.3829739e+000  3.4648566e+000  3.3371735e+000  3.5329591e+000
  2.0000000e+000  2.9885267e+000  3.4049743e+000  4.5187977e+000  5.3703630e-001  2.4181181e+000  3.7162063e+000  4.4305529e+000  4.1239872e+000  2.6241498e+000  3.7134728e+000
  1.0000000e+000  4.4400070e+000  1.9792487e+000  8.7944583e-001  3.4770803e+000  3.0333908e+000  3.7714757e+000  1.8742504e+000  2.0082058e+000  2.3349509e+000  4.4304472e+000
  2.0000000e+000  3.9150963e+000  2.4273875e+000  2.6001304e+000  3.3306674e+000  4.4700619e+000  2.6234434e+000  2.8638194e+000  2.8568309e+000  2.8610010e+000  2.6467321e+000
  1.0000000e+000  2.5164566e+000  2.5394059e+000  1.7462046e+000  4.5266818e+000  3.1407929e+000  3.2886063e+000  2.1558764e+000  1.3537151e+000  4.0215604e+000  2.8771212e+000
  2.0000000e+000  4.7278926e+000  2.7069236e+000  2.7243200e+000  2.0568855e+000  2.2635123e+000  3.0662524e+000  2.5532933e+000  4.5464284e+000  3.4368735e+000  3.5389178e+000
  1.0000000e+000  5.4866340e+000  1.2264752e+000  3.3388270e+000  2.8348008e+000  3.3763969e+000  3.7422223e+000  2.4180997e+000  4.3908475e+000  2.4754187e+000  2.0769905e+000
  2.0000000e+000  3.2878495e+000  2.9638465e+000  3.6219252e+000  3.3373211e+000  4.0445554e+000  2.9719010e+000  3.3198659e+000  2.1909261e+000  3.2963138e+000  3.6076849e+000
  2.0000000e+000  3.0155617e+000  2.1062677e+000  5.3285731e+000  2.9573746e+000  1.6852660e+000  2.1935748e+000  1.9073223e+000  2.7382932e+000  3.4078017e+000  3.9934021e+000
  2.0000000e+000  2.0808281e+000  4.1026125e+000  2.8591052e+000  2.3901240e+000  2.1565408e+000  2.2219236e+000  3.2931171e+000  3.2856796e+000  1.3160373e+000  5.9047192e+000
  2.0000000e+000  4.2266910e+000  5.0925731e+000  3.2986459e+000  2.3127568e+000  3.7472531e+000  3.8204068e+000  2.9218154e+000  5.4601303e+000  2.3161051e+000  3.2890046e+000
  2.0000000e+000  3.6747950e+000  2.5716481e+000  2.6726543e+000  3.7690684e+000  2.8456826e+000  4.8714002e+000  1.5612514e+000  3.7608532e+000  2.4334943e+000  3.0995304e+000
  2.0000000e+000  2.4354375e+000  3.9570673e+000  2.5390677e+000  1.6981408e+000  1.6429133e+000  3.8757915e+000  2.1767767e+000  4.2113214e+000  4.3844028e-001  3.4212975e+000
  2.0000000e+000  1.9664610e+000  2.9615753e+000  4.3748583e+000  2.8853535e+000  2.2326610e+000  1.2823824e+000  5.3330589e+000  2.0948499e+000  1.9894748e+000  4.5786347e+000
  2.0000000e+000  2.2589973e+000  3.3898846e+000  2.9469200e+000  3.9806884e+000  1.5558794e+000  3.3566790e+000  3.1065751e+000  4.4204025e+000  3.5049722e+000  3.7768494e+000
  2.0000000e+000  1.8689414e+000  2.8252559e+000  2.5635028e+000  4.0185642e+000  1.8218973e+000  4.6608008e+000  2.5141432e+000  3.7893290e+000  4.1248968e+000  3.1993627e+000
  2.0000000e+000  3.5976779e+000  3.3171463e+000  3.2441647e+000  3.2959119e+000  5.0149367e+000  3.3841811e+000  2.6961772e+000  3.4910611e+000  2.3991812e+000  3.5148543e+000
  1.0000000e+000  2.8544808e+000  2.4852691e+000  4.8347491e+000  3.7458295e+000  3.4915810e+000  2.5667672e+000  3.4792122e+000  4.5341745e+000  3.5889373e+000  2.9227048e+000
  2.0000000e+000  2.6210000e+000  2.2037684e+000  3.2243141e+000  2.2329953e-001  2.1362307e+000  2.0006672e+000  1.9581826e+000  3.7728009e+000  1.8010824e+000  2.9889904e+000
  1.0000000e+000  5.3574954e+000  5.7199251e-001  4.1048739e+000  6.0213153e+000  3.7207855e+000  3.0358389e+000  4.2850846e+000  1.8820808e+000  1.1861776e+000  3.1067387e+000
  2.0000000e+000  4.3425520e+000  3.3105041e+000  4.0478382e+000  3.5795379e+000  2.2410508e+000  2.9281656e+000  4.8040499e+000  2.9474070e+000  3.2674027e+000  4.0428644e+000
  2.0000000e+000  3.3977506e+000  3.2128326e+000  4.0561921e+000  2.5337909e+000  2.7102207e+000  3.7440383e+000  2.8053569e+000  2.4084646e+000  2.8097228e+000  2.6825216e+000
  1.0000000e+000  1.9475125e+000  3.8362087e+000  3.7720342e+000  1.8485546e+000  3.7157238e+000  3.6619931e+000  3.0116480e+000  2.0747587e+000  2.1493688e+000  2.8671779e+000
  2.0000000e+000  2.5323743e+000  2.6501399e+000  2.8274164e+000  4.5813096e+000  3.6429604e+000  4.0588804e+000  3.6141221e+000  3.4332433e+000  1.7765978e+000  1.7206470e+000
  2.0000000e+000  3.8122414e+000  4.1385666e+000  3.3635843e+000  2.5867098e+000  1.7541201e+000  1.6311888e+000  1.3290418e+000  1.5298824e+000  3.9525504e+000  3.6987017e+000
  2.0000000e+000  2.0002277e+000  3.6345968e+000  1.9956823e+000  3.1971480e+000  1.7038163e+000  3.9761461e+000  3.7740414e+000  2.8736482e+000  2.4144422e+000  2.6138908e+000
  2.0000000e+000  5.4529083e+000  2.0737657e+000  2.9671945e+000  2.2000402e+000  1.5938395e+000  4.1606879e+000  3.1010317e+000  2.8447676e+000  1.4198411e+000  3.6345674e+000
  1.0000000e+000  2.1604515e+000  1.6713309e+000  2.0235368e+000  2.7232273e+000  3.6618226e+000  3.6995842e+000  3.9080977e+000  4.4315738e+000  2.5975900e+000  3.8656195e+000
  1.0000000e+000  1.1209118e+000  2.5743736e+000  3.3331407e+000  2.6756981e+000  3.0573424e+000  3.7955321e+000  1.1616244e+000  2.8761098e+000  4.2178221e+000  2.4805486e+000
  2.0000000e+000  2.2117677e+000  3.4137896e+000  3.9381843e+000  3.8206551e+000  3.9690392e+000  3.6844941e+000  3.5695537e+000  3.3371528e+000  2.2820890e+000  3.3880417e+000
  2.0000000e+000  3.4773987e+000  3.9022858e+000  2.4244878e+000  1.6595321e+000  4.6551620e+000  3.6762398e+000  4.1576410e+000  3.7323659e+000  3.7060454e+000  3.6836543e+000
  2.0000000e+000  2.1034407e+000  4.5286298e+000  4.4696913e+000  3.5919799e+000  3.8978738e+000  4.0037209e+000  3.2424511e+000  3.1747809e+000  2.4669198e+000  1.2813656e+000
  2.0000000e+000  2.5892188e+000  4.5401635e+000  4.5421318e+000  3.3510471e+000  4.1407824e+000  2.8960069e+000  1.5105281e+000  3.8883001e+000  2.9125266e+000  1.5091698e+000
  2.0000000e+000  2.3403230e+000  4.7202824e+000  3.2799307e+000  2.0781678e+000  2.1867026e+000  4.0782194e+000  4.3550447e+000  2.7808595e+000  4.0831315e+000  1.7354949e+000
  2.0000000e+000  1.7190570e+000  3.3225677e+000  5.3319954e+000  1.7143024e+000  3.7769869e+000  4.6658781e+000  4.3402597e-001  4.4087064e+000  2.4238061e+000  3.4726676e+000
  2.0000000e+000  2.9217567e+000  2.1267143e+000  4.1636041e+000  4.2829509e+000  3.5837772e+000  3.9464681e+000  2.6368241e+000  1.6534800e+000  9.3302987e-001  2.4630086e+000
  2.0000000e+000  3.6169257e+000  4.0989512e+000  3.2862542e+000  3.8772531e+000  4.3411231e+000  3.6058127e+000  3.9713915e+000  1.9545728e+000  2.5243916e+000  1.4688879e+000
  1.0000000e+000  1.4678583e+000  3.5163770e+000  1.1391099e+000  2.5461085e+000  3.3747453e+000  2.4883143e+000  3.2848518e+000  3.3413332e+000  4.8532691e+000  2.5780345e+000
  2.0000000e+000  2.0871527e+000  2.8312832e+000  3.4524587e+000  3.2182834e+000  4.8259411e+000  2.7964462e+000  2.2199492e+000  2.9506164e+000  3.2336182e+000  1.5688352e+000
  2.0000000e+000  2.6728469e+000  2.9250231e+000  2.4124484e+000  1.7609621e+000  3.9999211e+000  1.4244629e+000  3.5751647e+000  3.1139372e+000  3.6785642e+000  3.4140968e+000
  2.0000000e+000  2.9029892e+000  6.1520096e+000  3.0631622e+000  3.1088018e+000  1.9149677e+000  3.0579708e+000  2.8522335e+000  3.3529461e+000  5.4178680e+000  4.0504166e+000
  2.0000000e+000  2.5983216e+000  2.6878729e+000  2.2856421e+000  1.5268763e+000  2.3943816e+000  4.7737757e+000  2.2646402e+000  3.0075246e+000  3.3940112e+000  3.4768329e+000
  2.0000000e+000  4.4666350e+000  3.6303685e+000  1.4405884e+000  3.5011699e+000  2.3868982e+000  1.9557239e+000  4.2035472e+000  4.1626191e+000  4.4209689e+000  2.3088492e+000
  2.0000000e+000  1.8591701e+000  4.2524885e+000  2.4501237e+000  3.9652699e+000  2.9155001e+000  2.8470848e+000  2.2033913e+000  1.8944526e+000  5.3944059e+000  2.4038209e+000
  1.0000000e+000  1.9704044e+000  2.3622612e+000  3.5415373e+000  1.9191463e+000  3.2147144e+000  2.4351678e+000  4.0255622e+000  3.6231549e+000  2.1929114e+000  2.8200893e+000
  2.0000000e+000  3.3624460e+000  2.6647549e+000  4.2527848e+000  1.2245382e+000  2.4159474e+000  1.8561102e+000  2.5781549e+000  2.6036500e+000  1.9854586e+000  3.3829014e+000
  2.0000000e+000  2.5891954e+000  2.8625264e+000  2.3735132e+000  3.2275809e+000  2.6675845e+000  2.0991080e+000  3.5646043e+000  3.8893962e+000  3.8927635e+000  1.0233654e+000
  1.0000000e+000  2.6573795e+000  2.5142040e+000  2.4426366e+000  3.6507491e+000  3.2085636e+000  2.0575558e+000  4.5892570e+000  4.5319139e+000  3.0948165e+000  3.1165563e+000
